/Users/kevinzielinski/PycharmProjects/pythonProject/venv/bin/python /Users/kevinzielinski/PycharmProjects/pythonProject/assignment5.py
          10         20         30         40         50         60          70          80          90          100
f0   1.000000   1.301030   1.477121   1.602060   1.698970   1.778151    1.845098    1.903090    1.954243    2.000000
f1   1.760913   3.521825   5.282738   7.043650   8.804563  10.565476   12.326388   14.087301   15.848213   17.609126
f2   3.991713   4.850714   5.364384   5.731839   6.018122   6.252686    6.451389    6.623757    6.775961    6.912228
f3   0.724431   0.953006   1.063264   1.133789   1.184803   1.224369    1.256470    1.283350    1.306388    1.326491
f4   3.010300   6.020600   9.030900  12.041200  15.051500  18.061800   21.072100   24.082400   27.092700   30.103000
f5  -0.078817   0.040281   0.087827   0.115718   0.134832   0.149098    0.160338    0.169531    0.177258    0.183890
f6   3.086647   4.031569   4.549138   4.904803   5.175144   5.392856    5.574901    5.731205    5.868067    5.989737
f7   3.051153   6.020766   9.030900  12.041200  15.051500  18.061800   21.072100   24.082400   27.092700   30.103000
f8   3.022436   3.912726   4.436910   4.809858   5.099560   5.336471    5.536891    5.710571    5.863812    6.000920
f9   4.000000   4.000000   4.000000   4.000000   4.000000   4.000000    4.000000    4.000000    4.000000    4.000000
f10  6.559763  18.386125  32.423660  47.911645  64.483075  81.920175  100.078405  118.854728  138.171936  157.970004

Ranking of log of functions for n =  10
f5 -0.07881705425666168
f3 0.7244313773989265
f0 1.0
f1 1.7609125905568124
f4 3.010299956639812
f8 3.022436199594577
f7 3.0511525224473814
f6 3.08664706609839
f2 3.9917132757130895
f9 4.0
f10 6.559763032876794

Ranking of log of functions for n =  100
f5 0.1838901214763483
f3 1.3264913687268889
f0 2.0
f9 4.0
f6 5.989737053090334
f8 6.000920058770101
f2 6.912227956943679
f1 17.609125905568124
f4 30.10299956639812
f7 30.10299956639812
f10 157.97000365471578

Process finished with exit code 0
