/Users/kevinzielinski/PycharmProjects/pythonProject/venv/bin/python /Users/kevinzielinski/PycharmProjects/pythonProject/assignment6.py
Permutations
 P(0, r)  P(1, r)  P(2, r)  P(3, r)  P(4, r)  P(5, r)  P(6, r)  P(7, r)  P(8, r)  P(9, r) P(10, r)
       1        0        0        0        0        0        0        0        0        0        0
       1        1        0        0        0        0        0        0        0        0        0
       1        2        2        0        0        0        0        0        0        0        0
       1        3        6        6        0        0        0        0        0        0        0
       1        4       12       24       24        0        0        0        0        0        0
       1        5       20       60      120      120        0        0        0        0        0
       1        6       30      120      360      720      720        0        0        0        0
       1        7       42      210      840     2520     5040     5040        0        0        0
       1        8       56      336     1680     6720    20160    40320    40320        0        0
       1        9       72      504     3024    15120    60480   181440   362880   362880        0
       1       10       90      720     5040    30240   151200   604800  1814400  3628800  3628800
Combinations
 C(0, r)  C(1, r)  C(2, r)  C(3, r)  C(4, r)  C(5, r)  C(6, r)  C(7, r)  C(8, r)  C(9, r) C(10, r)
       1        0        0        0        0        0        0        0        0        0        0
       1        1        0        0        0        0        0        0        0        0        0
       1        2        1        0        0        0        0        0        0        0        0
       1        3        3        1        0        0        0        0        0        0        0
       1        4        6        4        1        0        0        0        0        0        0
       1        5       10       10        5        1        0        0        0        0        0
       1        6       15       20       15        6        1        0        0        0        0
       1        7       21       35       35       21        7        1        0        0        0
       1        8       28       56       70       56       28        8        1        0        0
       1        9       36       84      126      126       84       36        9        1        0
       1       10       45      120      210      252      210      120       45       10        1

Process finished with exit code 0
